PHONE_NM
PHONE_NM
PHONE_NM
PHONE_NM
PHONE_NM
110
112
114
119
120
10000
10086
11185
12300
12306
12310
12315
12318
12320
12333
12338
12345
12351
12358
12365
12366
12369
12593
95530
95535
1082303038
1083736483
2139207888
2139777777
2162963636
2167662333
2169777888
2183748322
2183944083
4006789000
4006927927
4008111111
4008123123
4008305555
4008517517
4008800400
4008822168
4008823823
4008895543
13127378335
13143177820
13149741815
13166864911
13170240255
13173878892
13185547254
13189724980
13189753917
13196029796
13197991543
13211856069
13236886575
13242771601
13255547337
13261639761
13268689110
13279159262
13283310538
13287906346
13290963940
13301493192
13308985855
13319116110
13322243955
13352960903
13356855975
13385963518
13392613614
13392815685
13424327274
13503187280
13512736922
13514459632
13514533906
13516516478
13530510979
13531492941
13533007406
13535125705
13548896321
13564871224
13566021165
13567260392
13784933030
13794843893
13839384940
13933847493
15602527636
15608583096
15610253606
15616237298
15640365173
15640672779
15645410776
15646455663
15647035750
15653658721
15657973881
15665388416
15675492267
15698592578
15893833933
15983736282
17393933939
17783393939
18616549577
18619294571
18632938857
18633922297
18649140084
18663741912
18669622194
18670027415
18693916783
18694248051
18702892153
18703381491
18703770587
18707469605
18715638054
18732608779
18733455338
18746360867
18758707425
18801608376
18807103042
18812275073
18819371064
18829591194
18861400314
18872404998
18873737990
18873851018
18874288424
18891396711
18894808350
18901206978
18906090716
18911077646
18912729096
18921666225
18933584093
18961342848
18970393947
18971426455
18975711043
18991900125
51083538428
51083736474
51983647382
51983736372
0085228592111
01058160600
01058800260
01058934114
01062511601
01062752114
01062782165
01062789888
01062896811
01063202114
01064035547
01064193366
01065194114
01065292114
01065551114
01065961114
01066083260
01066096114
01066411166
01068551114
01082303038
01082317114
01082872688
01083736483
01084025890
01084201114
01096169
02038900009
02082253777
02084113480
02085220114
02087110000
02134206500
02152504617
02162233333
02165642222
02165982200
02169781999
02183748322
02183944083
021962888
02223508219
02227403536
02483679262
02583593186
02768755114
02787541114
02885406437
02982668888
043185166420
045186414060
051083538428
051083736474
051983647382
051983736372
053188564774
05513601000
057185172244
05922186110
073188876834
09318911114
10000
10001
10010
10050
10086
110
112
114
116114
118114
119
120
12110
12117
12119
12121
122
12306
12395
12593
13127378335
13143177820
13149741815
13166864911
13170240255
13173878892
13185547254
13189724980
13189753917
13196029796
13197991543
13211856069
13236886575
13242771601
13255547337
13261639761
13268689110
13279159262
13283310538
13287906346
13290963940
13301493192
13308985855
13319116110
13322243955
13352960903
13356855975
13385963518
13392613614
13392815685
13424327274
13503187280
13512736922
13514459632
13514533906
13516516478
13530510979
13531492941
13533007406
13535125705
13548896321
13564871224
13566021165
13567260392
13784933030
13794843893
13839384940
13933847493
15602527636
15608583096
15610253606
15616237298
15640365173
15640672779
15645410776
15646455663
15647035750
15653658721
15657973881
15665388416
15675492267
15698592578
15893833933
15983736282
17393933939
17783393939
17900
17901
17910
17911
17950
17951
18616549577
18619294571
18632938857
18633922297
18649140084
18663741912
18669622194
18670027415
18693916783
18694248051
18702892153
18703381491
18703770587
18707469605
18715638054
18732608779
18733455338
18746360867
18758707425
18801608376
18807103042
18812275073
18819371064
18829591194
18861400314
18872404998
18873737990
18873851018
18874288424
18891396711
18894808350
18901206978
18906090716
18911077646
18912729096
18921666225
18933584093
18961342848
18970393947
18971426455
18975711043
18991900125
4006006655
4006096777
4006695539
4006999999
4008000222
4008006666
4008100000
4008105858
4008108000
4008109000
4008111666
4008123456
4008171888
4008174008
4008181188
4008199199
4008199999
4008201668
4008208388
4008209868
4008300999
4008303666
4008800123
4008838888
4008861888
4008866688
4008869888
4008879988
8008100285
8008100781
8008101100
8008101210
8008101992
8008105050
8008108168
8008108208
8008108880
8008108888
8008109110
8008109977
8008201111
8008201201
8008201902
8008201912
8008202020
8008202255
8008205598
8008207007
8008281892
8008301880
8008302880
8008303811
8008308888
8008308899
8008308999
8008468680
8008571616
8008576717
8008580888
8008581666
8008691099
8008809899
8009881200
8009906600
950718
95080
95500
95501
95505
95507
95508
95509
95511
95516
95518
95519
95522
95528
95530
95533
95535
95555
95556
95557
95558
95559
95561
95566
95567
95568
95569
95572
95577
95580
95583
95585
95588
95589
95590
95595
95598
95599
999
12700112345
12700112346
12700112347
12700112348
12700112349
12700112350
12700112351
12700112352
12700112353
12700112354
12700112355
12700112356
12700112357
12700112358
12700112359
12700112360
12700112361
12700112362
12700112363
12700112364
12700112365
12700112366
12700112367
12700112368
12700112369
12700112370
12700112371
12700112372
12700112373
12700112374
12700112375
12700112376
12700112377
12700112378
12700112379
12700112380
12700112381
12700112382
12700112383
12700112384
12700112385
12700112386
12700112387
12700112388
12700112389
12700112390
12700112391
12700112392
12700112393
12700112394
12700112395
12700112396
12700112397
12700112398
12700112399
12700112400
12700112401
12700112402
12700112403
12700112404
12700112405
12700112406
12700112407
12700112408
12700112409
12700112410
13109471234
13109471235
13109471236
13109471237
13109471238
13109471239
13109471240
13109471241
13109471242
13109471243
13109471244
13109471245
13109471246
13109471247
13109471248
13109471249
13109471250
13109471251
13109471252
13109471253
13109471254
13109471255
13109471256
13109471257
13109471258
13109471259
13109471260
13109471261
13109471262
13109471263
13109471264
13109471265
13109471266
13109471267
13109471268
13109471269
13109471270
13109471271
13109471272
13109471273
13109471274
13109471275
13109471276
13109471277
13109471278
13109471279
13109471280
13109471281
13109471282
13109471283
13109471284
13109471285
13109471286
13109471287
13109471288
13109471289
13109471290
13109471291
13109471292
13109471293
13109471294
13109471295
13109471296
13109471297
13109471298
13109471299
13109471300
13109471301
13109471302
13109471303
13109471304
13109471305
13109471306
13109471307
13109471308
13109471309
13109471310
13109471311
13109471312
13109471313
13109471314
13109471315
13109471316
13109471317
13109471318
13109471319
13109471320
13109471321
13109471322
13109471323
13109471324
13109471325
13109471326
13109471327
13109471328
13109471329
13109471330
13109471331
13109471332
13109471333
13109471334
13109471335
13109471336
13109471337
13109471338
13109471339
13109471340
13109471341
13109471342
13109471343
13109471344
13109471345
13109471346
13109471347
13109471348
13109471349
13109471350
13109471351
13109471352
13109471353
13109471354
13109471355
13109471356
13109471357
13109471358
13109471359
13109471360
13109471361
13109471362
13109471363
13109471364
13109471365
13109471366
13109471367
13109471368
13109471369
13109471370
13109471371
13109471372
13109471373
13109471374
13109471375
13109471376
13109471377
13109471378
13109471379
13109471380
13109471381
13109471382
13109471383
13109471384
13109471385
13109471386
13109471387
13109471388
13109471389
13109471390
13109471391
13109471392
13109471393
13109471394
13109471395
13109471396
13109471397
13109471398
13109471399
13109471400
13109471401
13109471402
13109471403
13109471404
13109471405
13109471406
13109471407
13109471408
13109471409
13109471410
13109471411
13109471412
13109471413
13109471414
13109471415
13109471416
13109471417
13109471418
13109471419
13109471420
13109471421
13109471422
13109471423
13109471424
13109471425
13109471426
13109471427
13109471428
13109471429
13109471430
13109471431
13109471432
13109471433
13109471434
13109471435
13109471436
13109471437
13109471438
13109471439
13109471440
13109471441
13109471442
13109471443
13109471444
13109471445
13109471446
13109471447
13109471448
13109471449
13109471450
13109471451
13109471452
13109471453
13109471454
13109471455
13109471456
13109471457
13109471458
13109471459
13109471460
13109471461
13109471462
13109471463
13109471464
13109471465
13109471466
13109471467
13109471468
13109471469
13109471470
13109471471
13109471472
13109471473
13109471474
13109471475
13109471476
13109471477
13109471478
13109471479
13109471480
13109471481
13109471482
13109471483
13109471484
13109471485
13109471486
13109471487
13383628200
13383628201
13383628202
13383628203
13383628204
13383628205
13383628206
13383628207
13383628208
13383628209
13383628210
13383628211
13383628212
13383628213
13383628214
13383628215
13383628216
13383628217
13383628218
13383628219
13383628220
13383628221
13383628222
13383628223
13383628224
13383628225
13383628226
13383628227
13383628228
13383628229
13383628230
13383628231
13383628232
13383628233
13383628234
13383628235
13383628236
13383628237
13383628238
13383628239
13383628240
13383628241
13383628242
13383628243
13383628244
13383628245
13383628246
13383628247
13383628248
13383628249
13383628250
13383628251
13383628252
13383628253
13383628254
13383628255
13383628256
13383628257
13383628258
13383628259
13383628260
13383628261
13383628262
13383628263
13383628264
13383628265
13383628266
13383628267
13383628268
13383628269
13383628270
13383628271
13383628272
13383628273
13383628274
13383628275
13383628276
13383628277
13383628278
13383628279
13383628280
13383628281
13383628282
13383628283
13383628284
13383628285
13383628286
13383628287
13383628288
13383628289
13383628290
13383628291
13383628292
13383628293
13383628294
13383628295
13383628296
13383628297
13383628298
13383628299
13383628300
13383628301
13383628302
13383628303
13383628304
13383628305
13383628306
13383628307
13383628308
13383628309
13383628310
13383628311
13383628312
13383628313
13383628314
13383628315
13383628316
13383628317
13383628318
13383628319
13383628320
13383628321
13383628322
13383628323
13383628324
13383628325
13383628326
13383628327
13383628328
13383628329
13383628330
13383628331
13383628332
13383628333
13383628334
13383628335
13383628336
13383628337
13383628338
13383628339
13383628340
13383628341
13383628342
13383628343
13383628344
13383628345
13383628346
13383628347
13383628348
13383628349
13383628350
13383628351
13383628352
13383628353
13383628354
13383628355
13383628356
13383628357
13383628358
13383628359
13383628360
13383628361
13383628362
13383628363
13383628364
13383628365
13383628366
13383628367
13383628368
13383628369
13383628370
13383628371
13383628372
13383628373
13383628374
13383628375
13383628376
13383628377
13383628378
13383628379
13383628380
13383628381
13383628382
13383628383
13383628384
13383628385
13383628386
13383628387
13383628388
13383628389
13383628390
13383628391
13383628392
13383628393
13383628394
13383628395
13383628396
13383628397
13383628398
13383628399
13383628400
13383628401
13383628402
13383628403
13383628404
13383628405
13383628406
13383628407
13383628408
13383628409
13383628410
13383628411
13383628412
13383628413
13383628414
13383628415
13383628416
13383628417
13383628418
13383628419
13383628420
13383628421
13383628422
13383628423
13383628424
13383628425
13383628426
13383628427
13383628428
13383628429
13383628430
13383628431
13383628432
13383628433
13383628434
13383628435
13383628436
13383628437
13383628438
13383628439
13383628440
13383628441
13383628442
13383628443
13383628444
13383628445
13383628446
13383628447
13383628448
13383628449
13736382927
13736382928
13736382929
13736382930
13736382931
13736382932
13736382933
13736382934
13736382935
13736382936
13736382937
13736382938
13736382939
13736382940
13736382941
13736382942
13736382943
13736382944
13736382945
13736382946
13736382947
13736382948
13736382949
13736382950
13736382951
13736382952
13736382953
13736382954
13736382955
13736382956
13736382957
13736382958
13736382959
13736382960
13736382961
13736382962
13736382963
13736382964
13736382965
13736382966
13736382967
13736382968
13736382969
13736382970
13736382971
13736382972
13736382973
13736382974
13736382975
13736382976
13736382977
13736382978
13736382979
13736382980
13736382981
13736382982
13736382983
13736382984
13736382985
13736382986
13736382987
13736382988
13736382989
13736382990
13736382991
13736382992
13736382993
13736382994
13736382995
13736382996
13736382997
13736382998
13736382999
13736383000
13736383001
13736383002
13736383003
13736383004
13736383005
13736383006
13736383007
13736383008
13736383009
13736383010
13736383011
13736383012
13736383013
13736383014
13736383015
13736383016
13736383017
13736383018
13736383019
13736383020
13736383021
13736383022
13736383023
13736383024
13736383025
13736383026
13736383027
13736383028
13736383029
13736383030
13736383031
13736383032
13736383033
13736383034
13736383035
13736383036
13736383037
13736383038
13736383039
13736383040
13736383041
13736383042
13736383043
13736383044
13736383045
13736383046
13736383047
13736383048
13736383049
13736383050
13736383051
13736383052
13736383053
13736383054
13736383055
13736383056
13736383057
13736383058
13736383059
13736383060
13736383061
13736383062
13736383063
13736383064
13736383065
13736383066
13736383067
13736383068
13736383069
13736383070
13736383071
13736383072
13736383073
13736383074
13736383075
13736383076
13736383077
13736383078
13736383079
13736383080
13736383081
13736383082
13736383083
13736383084
13736383085
13736383086
13736383087
13736383088
13736383089
13736383090
13736383091
13736383092
13736383093
13736383094
13736383095
13736383096
13736383097
13736383098
13736383099
13736383100
13736383101
13736383102
13736383103
13736383104
13736383105
13736383106
13736383107
13736383108
13736383109
13736383110
13736383111
13736383112
13736383113
13736383114
13736383115
13736383116
13736383117
13736383118
13736383119
13736383120
13736383121
13736383122
13736383123
13736383124
13736383125
13736383126
13736383127
13736383128
13736383129
13736383130
13736383131
13736383132
13736383133
13736383134
13736383135
13736383136
13736383137
13736383138
13736383139
13736383140
13736383141
13736383142
13736383143
13736383144
13736383145
13736383146
13736383147
13736383148
13736383149
13736383150
13736383151
13736383152
13736383153
13736383154
13736383155
13736383156
13736383157
13736383158
13736383159
13736383160
13736383161
13736383162
13736383163
13736383164
13736383165
13736383166
13736383167
13736383168
13736383169
13736383170
13736383171
13736383172
13736383173
13736383174
13736383175
13736383176
13736383177
13736383178
13736383179
13736383180
13736383181
13736383182
13736383183
13736383184
13736383185
13736383186
13736383187
13736383188
13736383189
13736383190
13736383191
13736383192
13736383193
13736383194
13736383195
13736383196
13736383197
13736383198
13736383199
13736383200
13736383201
13736383202
13736383203
13736383204
13736383205
13736383206
13736383207
13736383208
13736383209
13736383210
13736383211
13736383212
13736383213
13736383214
13736383215
13736383216
13736383217
13736383218
13736383219
13736383220
13736383221
13736383222
13736383223
13736383224
13736383225
13736383226
13736383227
13736383228
13736383229
13736383230
13736383231
13736383232
13736383233
13736383234
13736383235
13736383236
13736383237
13736383238
13736383239
13736383240
13736383241
13736383242
13736383243
13736383244
13736383245
13736383246
13736383247
13736383248
13736383249
13736383250
13736383251
13736383252
13736383253
13736383254
13736383255
13736383256
13736383257
13736383258
13736383259
13736383260
13736383261
13736383262
13736383263
13736383264
13736383265
13736383266
13736383267
13736383268
13736383269
13736383270
13736383271
13736383272
13736383273
13736383274
13736383275
13736383276
13736383277
13736383278
13736383279
13736383280
13736383281
13736383282
13736383283
13736383284
13736383285
13736383286
13736383287
13736383288
13736383289
13736383290
13736383291
13736383292
13736383293
13736383294
13736383295
13736383296
13736383297
13736383298
13736383299
13736383300
13736383301
13736383302
13736383303
13736383304
13736383305
13736383306
13736383307
13736383308
13736383309
13736383310
13736383311
13736383312
13736383313
13736383314
13736383315
13736383316
13736383317
13736383318
13736383319
13736383320
13736383321
13736383322
13736383323
13736383324
13736383325
13736383326
13736383327
13736383328
13736383329
13736383330
13736383331
13736383332
13736383333
13736383334
13736383335
13736383336
13736383337
13736383338
13736383339
13736383340
13874836252
13874836253
13874836254
13874836255
13874836256
13874836257
13874836258
13874836259
13874836260
13874836261
13874836262
13874836263
13874836264
13874836265
13874836266
13874836267
13874836268
13874836269
13874836270
13874836271
13874836272
13874836273
13874836274
13874836275
13874836276
13874836277
13874836278
13874836279
13874836280
13874836281
13874836282
13874836283
13874836284
13874836285
13874836286
13874836287
13874836288
13874836289
13874836290
13874836291
13874836292
13874836293
13874836294
13874836295
13874836296
13874836297
13874836298
13874836299
13874836300
13874836301
13874836302
13874836303
13874836304
13874836305
13874836306
13874836307
13874836308
13874836309
13874836310
13874836311
13874836312
13874836313
13874836314
13874836315
13874836316
13874836317
13874836318
13874836319
13874836320
13874836321
13874836322
13874836323
13874836324
13874836325
13874836326
13874836327
13874836328
13874836329
13874836330
13874836331
13874836332
13874836333
13874836334
13874836335
13874836336
13874836337
13874836338
13874836339
13874836340
13874836341
13874836342
13874836343
13874836344
13874836345
13874836346
13874836347
13874836348
13874836349
13874836350
13874836351
13874836352
13874836353
13874836354
13874836355
13874836356
13874836357
13874836358
13874836359
13874836360
13874836361
13874836362
13874836363
13874836364
13874836365
13874836366
13874836367
13874836368
13874836369
13874836370
13874836371
13874836372
13874836373
13874836374
13874836375
13874836376
13874836377
13874836378
13874836379
13874836380
13874836381
13874836382
13874836383
13874836384
13874836385
13874836386
13874836387
13874836388
13874836389
13874836390
13874836391
13874836392
13874836393
13874836394
13874836395
13874836396
13874836397
13874836398
13874836399
13874836400
13874836401
13874836402
13874836403
13874836404
13874836405
13874836406
13874836407
13874836408
13874836409
13874836410
13874836411
13874836412
13874836413
13874836414
13874836415
13874836416
13874836417
13874836418
13874836419
13874836420
13874836421
13874836422
13874836423
13874836424
13874836425
13874836426
13874836427
13874836428
13874836429
13874836430
13874836431
13874836432
13874836433
13874836434
13874836435
13874836436
13874836437
13874836438
13874836439
13874836440
13874836441
13874836442
13874836443
13874836444
13874836445
13874836446
13874836447
13874836448
13874836449
13874836450
13874836451
13874836452
13874836453
13874836454
13874836455
13874836456
13874836457
13874836458
13874836459
13874836460
13874836461
13874836462
13874836463
13874836464
13874836465
13874836466
13874836467
13874836468
13874836469
13874836470
13874836471
13874836472
13874836473
13874836474
13874836475
13874836476
13874836477
13874836478
13874836479
13874836480
13874836481
13874836482
13874836483
13874836484
13874836485
13874836486
13874836487
13874836488
13874836489
13874836490
13874836491
13874836492
13874836493
13874836494
13874836495
13874836496
13874836497
13874836498
13874836499
13874836500
13874836501
13874836502
13874836503
13874836504
13874836505
13874836506
13874836507
13874836508
13874836509
13874836510
13874836511
13874836512
13874836513
13874836514
13874836515
13874836516
13874836517
13874836518
13874836519
13874836520
13874836521
13874836522
13874836523
13874836524
13874836525
13874836526
13874836527
13874836528
13874836529
13874836530
13874836531
13874836532
13874836533
13874836534
13874836535
13874836536
13874836537
13874836538
13874836539
13874836540
13874836541
13874836542
13874836543
13874836544
13874836545
13874836546
13874836547
13874836548
13874836549
13874836550
13874836551
13874836552
13874836553
13874836554
13874836555
13874836556
13874836557
13874836558
13874836559
13874836560
13874836561
13874836562
13874836563
13874836564
13874836565
13874836566
13874836567
13874836568
13874836569
13874836570
13874836571
13874836572
13874836573
13874836574
13874836575
13874836576
13874836577
13874836578
13874836579
15274920740
15274920741
15274920742
15274920743
15274920744
15274920745
15274920746
15274920747
15274920748
15274920749
15274920750
15274920751
15274920752
15274920753
15274920754
15274920755
15274920756
15274920757
15274920758
15274920759
15274920760
15274920761
15274920762
15274920763
15274920764
15274920765
15274920766
15274920767
15274920768
15274920769
15274920770
15274920771
15274920772
15274920773
15274920774
15274920775
15274920776
15274920777
15274920778
15274920779
15274920780
15274920781
15274920782
15274920783
15274920784
15274920785
15274920786
15274920787
15274920788
15274920789
15274920790
15274920791
15274920792
15274920793
15274920794
15274920795
15274920796
15274920797
15274920798
15274920799
15274920800
15274920801
15274920802
15274920803
15274920804
15274920805
15274920806
15274920807
15274920808
15274920809
15274920810
15274920811
15274920812
15274920813
15274920814
15274920815
15274920816
15274920817
15274920818
15274920819
15274920820
15274920821
15274920822
15274920823
15274920824
15274920825
15274920826
15274920827
15274920828
15274920829
15274920830
15274920831
15274920832
15274920833
15274920834
15274920835
15274920836
15274920837
15274920838
15274920839
15274920840
15274920841
15274920842
15274920843
15274920844
15274920845
15274920846
15274920847
15274920848
15274920849
15274920850
15274920851
15274920852
15274920853
15274920854
15274920855
15274920856
15274920857
15274920858
15274920859
15274920860
15274920861
15274920862
15274920863
15274920864
15274920865
15274920866
15274920867
15274920868
15274920869
15274920870
15274920871
15274920872
15274920873
15274920874
15274920875
15274920876
15274920877
15274920878
15274920879
15274920880
15274920881
15274920882
15274920883
15274920884
15274920885
15274920886
15274920887
15274920888
15274920889
15274920890
15274920891
15274920892
15274920893
15274920894
15274920895
15274920896
15274920897
15274920898
15274920899
15274920900
15274920901
15274920902
15274920903
15274920904
15274920905
15274920906
15274920907
15274920908
15274920909
15274920910
15274920911
15274920912
15274920913
15274920914
15274920915
15274920916
15274920917
15274920918
15274920919
15274920920
15274920921
15274920922
15274920923
15274920924
15274920925
15274920926
15274920927
15274920928
15274920929
15274920930
15274920931
15274920932
15274920933
15274920934
15274920935
15274920936
15274920937
15274920938
15274920939
15274920940
15274920941
15274920942
15274920943
15274920944
15274920945
15274920946
15274920947
15274920948
15274920949
15274920950
15274920951
15274920952
15274920953
15274920954
15274920955
15274920956
15274920957
15274920958
15274920959
15274920960
15274920961
15274920962
15274920963
15274920964
15274920965
15274920966
15274920967
15274920968
15274920969
15274920970
15274920971
15274920972
15274920973
15274920974
15274920975
15274920976
15274920977
15274920978
15274920979
15274920980
15274920981
15274920982
15274920983
15274920984
15274920985
15274920986
15274920987
15274920988
15274920989
15274920990
15274920991
15893735272
15893735273
15893735274
15893735275
15893735276
15893735277
15893735278
15893735279
15893735280
15893735281
15893735282
15893735283
15893735284
15893735285
15893735286
15893735287
15893735288
15893735289
15893735290
15893735291
15893735292
15893735293
15893735294
15893735295
15893735296
15893735297
15893735298
15893735299
15893735300
15893735301
15893735302
15893735303
15893735304
15893735305
15893735306
15893735307
15893735308
15893735309
15893735310
15893735311
15893735312
15893735313
15893735314
15893735315
15893735316
15893735317
15893735318
15893735319
15893735320
15893735321
15893735322
15893735323
15893735324
15893735325
15893735326
15893735327
15893735328
15893735329
15893735330
15893735331
15893735332
15893735333
15893735334
15893735335
15893735336
15893735337
15893735338
15893735339
15893735340
15893735341
15893735342
15893735343
15893735344
15893735345
15893735346
15893735347
15893735348
15893735349
15893735350
15893735351
15893735352
15893735353
15893735354
15893735355
15893735356
15893735357
15893735358
15893735359
15893735360
15893735361
15893735362
15893735363
15893735364
15893735365
15893735366
15893735367
15893735368
15893735369
15893735370
15893735371
15893735372
15893735373
15893735374
15893735375
15893735376
15893735377
15893735378
15893735379
15893735380
15893735381
15893735382
15893735383
15893735384
15893735385
15893735386
15893735387
15893735388
15893735389
15893735390
15893735391
15893735392
15893735393
15893735394
15893735395
15893735396
15893735397
15893735398
15893735399
15893735400
15893735401
15893735402
15893735403
15893735404
15893735405
15893735406
15893735407
15893735408
15893735409
15893735410
15893735411
15893735412
15893735413
15893735414
15893735415
15893735416
15893735417
15893735418
15893735419
15893735420
15893735421
15893735422
15893735423
15893735424
15893735425
15893735426
15893735427
15893735428
15893735429
15893735430
15893735431
15893735432
15893735433
15893735434
15893735435
15893735436
15893735437
15893735438
15893735439
15893735440
15893735441
15893735442
15893735443
15893735444
15893735445
15893735446
15893735447
15893735448
15893735449
15893735450
15893735451
15893735452
15893735453
15893735454
15893735455
15893735456
15893735457
15893735458
15893735459
15893735460
15893735461
15893735462
15893735463
15893735464
15893735465
15893735466
15893735467
15893735468
15893735469
15893735470
15893735471
15893735472
15893735473
15893735474
15893735475
15893735476
15893735477
15893735478
15893735479
15893735480
15893735481
15893735482
15893735483
15893735484
15893735485
15893735486
15893735487
15893735488
15893735489
15893735490
15893735491
15893735492
15893735493
15893735494
15893735495
15893735496
15893735497
15893735498
15893735499
15893735500
15893735501
15893735502
15893735503
15893735504
15893735505
15893735506
15893735507
15893735508
15893735509
15893735510
15893735511
15893735512
15893735513
15893735514
15893735515
15893735516
15893735517
15893735518
15893735519
15893735520
15893735521
15893735522
15893735523
15893735524
15893735525
15893735526
15893735527
15893735528
15893735529
15893735530
15893735531
15893735532
15893735533
15893735534
15893735535
15893735536
15893735537
15893735538
15893735539
15893735540
15893735541
15893735542
15893735543
15893735544
15893735545
15893735546
15893735547
15893735548
15893735549
15893735550
15893735551
15893735552
15893735553
15893735554
15893735555
15893735556
15893735557
15893735558
15893735559
15893735560
15893735561
15893735562
15893735563
15893735564
15893735565
15893735566
15893735567
15893735568
15893735569
15893735570
15893735571
15893735572
15893735573
15893735574
15893735575
15893735576
15893735577
15893735578
15893735579
15893735580
15893735581
15893735582
15893735583
15937482648
15937482649
15937482650
15937482651
15937482652
15937482653
15937482654
15937482655
15937482656
15937482657
15937482658
15937482659
15937482660
15937482661
15937482662
15937482663
15937482664
15937482665
15937482666
15937482667
15937482668
15937482669
15937482670
15937482671
15937482672
15937482673
15937482674
15937482675
15937482676
15937482677
15937482678
15937482679
15937482680
15937482681
15937482682
15937482683
15937482684
15937482685
15937482686
15937482687
15937482688
15937482689
15937482690
15937482691
15937482692
15937482693
15937482694
15937482695
15937482696
15937482697
15937482698
15937482699
15937482700
15937482701
15937482702
15937482703
15937482704
15937482705
15937482706
15937482707
15937482708
15937482709
15937482710
15937482711
15937482712
15937482713
15937482714
15937482715
15937482716
15937482717
15937482718
15937482719
15937482720
15937482721
15937482722
15937482723
15937482724
15937482725
15937482726
15937482727
15937482728
15937482729
15937482730
15937482731
15937482732
15937482733
15937482734
15937482735
15937482736
15937482737
15937482738
15937482739
15937482740
15937482741
15937482742
15937482743
15937482744
15937482745
15937482746
15937482747
15937482748
15937482749
15937482750
15937482751
15937482752
15937482753
15937482754
15937482755
15937482756
15937482757
15937482758
15937482759
15937482760
15937482761
15937482762
15937482763
15937482764
15937482765
15937482766
15937482767
15937482768
15937482769
15937482770
15937482771
15937482772
15937482773
15937482774
15937482775
15937482776
15937482777
15937482778
15937482779
15937482780
15937482781
15937482782
15937482783
15937482784
15937482785
15937482786
15937482787
15937482788
15937482789
15937482790
15937482791
15937482792
15937482793
15937482794
15937482795
15937482796
15937482797
15937482798
15937482799
15937482800
15937482801
15937482802
15937482803
15937482804
15937482805
15937482806
15937482807
15937482808
15937482809
15937482810
15937482811
15937482812
15937482813
15937482814
15937482815
15937482816
15937482817
15937482818
15937482819
15937482820
15937482821
15937482822
15937482823
15937482824
15937482825
15937482826
15937482827
15937482828
15937482829
15937482830
15937482831
15937482832
15937482833
15937482834
15937482835
15937482836
15937482837
15937482838
15937482839
15937482840
15937482841
15937482842
15937482843
15937482844
15937482845
15937482846
15937482847
15937482848
15937482849
15937482850
15937482851
15937482852
15937482853
15937482854
15937482855
15937482856
15937482857
15937482858
15937482859
15937482860
15937482861
15937482862
15937482863
15937482864
15937482865
15937482866
15937482867
15937482868
15937482869
15937482870
15937482871
15937482872
15937482873
15937482874
15937482875
15937482876
15937482877
15937482878
15937482879
15937482880
15937482881
15937482882
15937482883
13904745272
13904745273
13904745274
13904745275
13904745276
13904745277
13904745278
13904745279
13904745280
13904745281
13904745282
13904745283
13904745284
13904745285
13904745286
13904745287
13904745288
13904745289
13904745290
13904745291
13904745292
13904745293
13904745294
13904745295
13904745296
13904745297
13904745298
13904745299
13904745300
13904745301
13904745302
13904745303
13904745304
13904745305
13904745306
13904745307
13904745308
13904745309
13904745310
13904745311
13904745312
13904745313
13904745314
13904745315
13904745316
13904745317
13904745318
13904745319
13904745320
13904745321
13904745322
13904745323
13904745324
13904745325
13904745326
13904745327
13904745328
13904745329
13904745330
13904745331
13904745332
13904745333
13904745334
13904745335
13904745336
13904745337
13904745338
13904745339
13904745340
13904745341
13904745342
13904745343
13904745344
13904745345
13904745346
13904745347
13904745348
13904745349
13904745350
13904745351
13904745352
13904745353
13904745354
13904745355
13904745356
13904745357
13904745358
13904745359
13904745360
13904745361
13904745362
13904745363
13904745364
13904745365
13904745366
13904745367
13904745368
13904745369
13904745370
13904745371
13904745372
13904745373
13904745374
13904745375
13904745376
13904745377
13904745378
13904745379
13904745380
13904745381
13904745382
13904745383
13904745384
13904745385
13904745386
13904745387
13904745388
13904745389
13904745390
13904745391
13904745392
13904745393
13904745394
13904745395
13904745396
13904745397
13904745398
13904745399
13904745400
13904745401
13904745402
13904745403
13904745404
13904745405
13904745406
13904745407
13904745408
13904745409
13904745410
13904745411
13904745412
13904745413
13904745414
13904745415
13904745416
13904745417
13904745418
13904745419
13904745420
13904745421
13904745422
13904745423
13904745424
13904745425
13904745426
13904745427
13904745428
13904745429
13904745430
13904745431
13904745432
13904745433
13904745434
13904745435
13904745436
13904745437
13904745438
13904745439
13904745440
13904745441
13904745442
13904745443
13904745444
13904745445
13904745446
13904745447
13904745448
13904745449
13904745450
13904745451
13904745452
13904745453
13904745454
13904745455
13904745456
13904745457
13904745458
13904745459
13904745460
13904745461
13904745462
13904745463
13904745464
13904745465
13904745466
13904745467
13904745468
13904745469
13904745470
13904745471
13904745472
13904745473
13904745474
13904745475
13904745476
13904745477
13904745478
13904745479
13904745480
13904745481
13904745482
13904745483
13904745484
13904745485
13904745486
13904745487
13904745488
13904745489
13904745490
13904745491
13904745492
13904745493
13904745494
13904745495
13904745496
13904745497
13904745498
13904745499
13904745500
13904745501
13904745502
13904745503
13904745504
13904745505
13904745506
13904745507
13904745508
13904745509
13904745510
13904745511
13904745512
13904745513
13904745514
13904745515
13904745516
13904745517
13904745518
13904745519
13904745520
13904745521
13904745522
13904745523
13904745524
13904745525
13904745526
13904745527
13904745528
13904745529
13904745530
13904745531
13904745532
13904745533
13904745534
13904745535
13904745536
13904745537
13904745538
13904745539
13904745540
13904745541
13904745542
13904745543
13904745544
13904745545
13904745546
13904745547
13904745548
13904745549
13904745550
13904745551
13904745552
13904745553
13904745554
13904745555
13904745556
13904745557
13904745558
13904745559
13904745560
13904745561
13904745562
17390484659
17390484660
17390484661
17390484662
17390484663
17390484664
17390484665
17390484666
17390484667
17390484668
17390484669
17390484670
17390484671
17390484672
17390484673
17390484674
17390484675
17390484676
17390484677
17390484678
17390484679
17390484680
17390484681
17390484682
17390484683
17390484684
17390484685
17390484686
17390484687
17390484688
17390484689
17390484690
17390484691
17390484692
17390484693
17390484694
17390484695
17390484696
17390484697
17390484698
17390484699
17390484700
17390484701
17390484702
17390484703
17390484704
17390484705
17390484706
17390484707
17390484708
17390484709
17390484710
17390484711
17390484712
17390484713
17390484714
17390484715
17390484716
17390484717
17390484718
17390484719
17390484720
17390484721
17390484722
17390484723
17390484724
17390484725
17390484726
17390484727
17390484728
17390484729
17390484730
17390484731
17390484732
17390484733
17390484734
17390484735
17390484736
17390484737
17390484738
17390484739
17390484740
17390484741
17390484742
17390484743
17390484744
17390484745
17390484746
17390484747
17390484748
17390484749
17390484750
17390484751
17390484752
17390484753
17390484754
17390484755
17390484756
17390484757
17390484758
17390484759
17390484760
17390484761
17390484762
17390484763
17390484764
17390484765
17390484766
17390484767
17390484768
17390484769
17390484770
17390484771
17390484772
17390484773
17390484774
17390484775
17390484776
17390484777
17390484778
17390484779
17390484780
17390484781
17390484782
17390484783
17390484784
17390484785
17390484786
17390484787
17390484788
17390484789
17390484790
17390484791
17390484792
17390484793
17390484794
17390484795
17390484796
17390484797
17390484798
17390484799
17390484800
17390484801
17390484802
17390484803
17390484804
17390484805
17390484806
17390484807
17390484808
17390484809
17390484810
17390484811
17390484812
17390484813
17390484814
17390484815
17390484816
17390484817
17390484818
17390484819
17390484820
17390484821
17390484822
17390484823
17390484824
17390484825
17390484826
17390484827
17390484828
17390484829
17390484830
17390484831
17390484832
17390484833
17390484834
17390484835
17390484836
17390484837
17390484838
17390484839
17390484840
17390484841
17390484842
17390484843
17390484844
17390484845
17390484846
17390484847
17390484848
17390484849
17390484850
17390484851
17390484852
17390484853
17390484854
17390484855
17390484856
17390484857
17390484858
17390484859
17390484860
17390484861
17390484862
17390484863
17390484864
17390484865
17390484866
17390484867
17390484868
17390484869
17390484870
17390484871
17390484872
17390484873
17390484874
17390484875
17390484876
17390484877
17630384940
17630384941
17630384942
17630384943
17630384944
17630384945
17630384946
17630384947
17630384948
17630384949
17630384950
17630384951
17630384952
17630384953
17630384954
17630384955
17630384956
17630384957
17630384958
17630384959
17630384960
17630384961
17630384962
17630384963
17630384964
17630384965
17630384966
17630384967
17630384968
17630384969
17630384970
17630384971
17630384972
17630384973
17630384974
17630384975
17630384976
17630384977
17630384978
17630384979
17630384980
17630384981
17630384982
17630384983
17630384984
17630384985
17630384986
17630384987
17630384988
17630384989
17630384990
17630384991
17630384992
17630384993
17630384994
17630384995
17630384996
17630384997
17630384998
17630384999
17630385000
17630385001
17630385002
17630385003
17630385004
17630385005
17630385006
17630385007
17630385008
17630385009
17630385010
17630385011
17630385012
17630385013
17630385014
17630385015
17630385016
17630385017
17630385018
17630385019
17630385020
17630385021
17630385022
17630385023
17630385024
17630385025
17630385026
17630385027
17630385028
17630385029
17630385030
17630385031
17630385032
17630385033
17630385034
17630385035
17630385036
17630385037
17630385038
17630385039
17630385040
17630385041
17630385042
17630385043
17630385044
17630385045
17630385046
17630385047
17630385048
17630385049
17630385050
17630385051
17630385052
17630385053
17630385054
17630385055
17630385056
17630385057
17630385058
17630385059
17630385060
17630385061
17630385062
17630385063
17630385064
17630385065
17630385066
17630385067
17630385068
17630385069
17630385070
17630385071
17630385072
17630385073
17630385074
17630385075
17630385076
17630385077
17630385078
17630385079
17630385080
17630385081
17630385082
17630385083
17630385084
17630385085
17630385086
17630385087
17630385088
17630385089
17630385090
17630385091
17630385092
17630385093
17630385094
17630385095
17630385096
17630385097
17630385098
17630385099
17630385100
17630385101
17630385102
17630385103
17630385104
17630385105
17630385106
17793364841
17793364842
17793364843
17793364844
17793364845
17793364846
17793364847
17793364848
17793364849
17793364850
17793364851
17793364852
17793364853
17793364854
17793364855
17793364856
17793364857
17793364858
17793364859
17793364860
17793364861
17793364862
17793364863
17793364864
17793364865
17793364866
17793364867
17793364868
17793364869
17793364870
17793364871
17793364872
17793364873
17793364874
17793364875
17793364876
17793364877
17793364878
17793364879
17793364880
17793364881
17793364882
17793364883
17793364884
17793364885
17793364886
17793364887
17793364888
17793364889
17793364890
17793364891
17793364892
17793364893
17793364894
17793364895
17793364896
17793364897
17793364898
17793364899
17793364900
17793364901
17793364902
17793364903
17793364904
17793364905
17793364906
17793364907
17793364908
17793364909
17793364910
17793364911
17793364912
17793364913
17793364914
17793364915
17793364916
17793364917
17793364918
17793364919
17793364920
17793364921
17793364922
17793364923
17793364924
17793364925
17793364926
17793364927
17793364928
17793364929
17793364930
17793364931
17793364932
17793364933
17793364934
17793364935
17793364936
17793364937
17793364938
17793364939
17793364940
17793364941
17793364942
17793364943
17793364944
17793364945
17793364946
17793364947
17793364948
17793364949
17793364950
17793364951
17793364952
17793364953
17793364954
17793364955
17793364956
17793364957
17793364958
17793364959
17793364960
17793364961
17793364962
17793364963
17793364964
17793364965
17793364966
17793364967
17793364968
17793364969
17793364970
17793364971
17793364972
17793364973
17793364974
17793364975
17793364976
17793364977
17793364978
17793364979
17793364980
17793364981
17793364982
17793364983
17793364984
17793364985
17793364986
17793364987
17793364988
17793364989
17793364990
17793364991
17793364992
17793364993
17793364994
17793364995
17793364996
17793364997
17793364998
17793364999
17793365000
17793365001
17793365002
17793365003
17793365004
17793365005
17793365006
17793365007
17793365008
17793365009
17793365010
17793365011
17793365012
17793365013
17793365014
17793365015
17793365016
17793365017
17793365018
17793365019
17793365020
17793365021
17793365022
17793365023
17793365024
17793365025
17793365026
17793365027
17793365028
17793365029
17793365030
17793365031
17793365032
17793365033
17793365034
17793365035
17793365036
17793365037
17793365038
17793365039
17793365040
17793365041
17793365042
17793365043
17793365044
17793365045
17793365046
17793365047
17793365048
17793365049
17793365050
17793365051
17793365052
17793365053
17793365054
17793365055
17793365056
17793365057
17793365058
17793365059
17793365060
17793365061
17793365062
17793365063
17793365064
17793365065
17793365066
17793365067
17793365068
17793365069
17793365070
17793365071
17793365072
17793365073
17793365074
17793365075
17793365076
17793365077
17793365078
17793365079
17793365080
17793365081
17793365082
17793365083
13403838393
13403838394
13403838395
13403838396
13403838397
13403838398
13403838399
13403838400
13403838401
13403838402
13403838403
13403838404
13403838405
13403838406
13403838407
13403838408
13403838409
13403838410
13403838411
13403838412
13403838413
13403838414
13403838415
13403838416
13403838417
13403838418
13403838419
13403838420
13403838421
13403838422
13403838423
13403838424
13403838425
13403838426
13403838427
13403838428
13403838429
13403838430
13403838431
13403838432
13403838433
13403838434
13403838435
13403838436
13403838437
13403838438
13403838439
13403838440
13403838441
13403838442
13403838443
13403838444
13403838445
13403838446
13403838447
13403838448
13403838449
13403838450
13403838451
13403838452
13403838453
13403838454
13403838455
13403838456
13403838457
13403838458
13403838459
13403838460
13403838461
13403838462
13403838463
13403838464
13403838465
13403838466
13403838467
13403838468
13403838469
13403838470
13403838471
13403838472
13403838473
13403838474
13403838475
13403838476
13403838477
13403838478
13403838479
13403838480
13403838481
13403838482
13403838483
13403838484
13403838485
13403838486
13403838487
13403838488
13403838489
13403838490
13403838491
13403838492
13403838493
13403838494
13403838495
13403838496
13403838497
13403838498
13403838499
13403838500
13403838501
13403838502
13403838503
13403838504
13403838505
13403838506
13403838507
13403838508
13403838509
13403838510
13403838511
13403838512
13403838513
13403838514
13403838515
13403838516
13403838517
13403838518
13403838519
13403838520
13403838521
13403838522
13403838523
13403838524
13403838525
13403838526
13403838527
13403838528
13403838529
13403838530
13403838531
13403838532
13403838533
13403838534
13403838535
13403838536
13403838537
13403838538
13403838539
13403838540
13403838541
13403838542
13403838543
13403838544
13403838545
13403838546
13403838547
13403838548
13403838549
13403838550
13403838551
13403838552
13403838553
13403838554
13403838555
13403838556
13403838557
13403838558
13403838559
13403838560
13403838561
13403838562
13403838563
13403838564
13403838565
15721505700
15721505701
15721505702
15721505703
15721505704
15721505705
15721505706
15721505707
15721505708
15721505709
15721505710
15721505711
15721505712
15721505713
15721505714
15721505715
15721505716
15721505717
15721505718
15721505719
15721505720
15721505721
15721505722
15721505723
15721505724
15721505725
15721505726
15721505727
15721505728
15721505729
15721505730
15721505731
15721505732
15721505733
15721505734
15721505735
15721505736
15721505737
15721505738
15721505739
15721505740
15721505741
15721505742
15721505743
15721505744
15721505745
15721505746
15721505747
15721505748
15721505749
15721505750
15721505751
15721505752
15721505753
15721505754
15721505755
15721505756
15721505757
15721505758
15721505759
15721505760
15721505761
15721505762
15721505763
15721505764
15721505765
15721505766
15721505767
15721505768
15721505769
15721505770
15721505771
15721505772
15721505773
15721505774
15721505775
15721505776
15721505777
15721505778
15721505779
15721505780
15721505781
15721505782
15721505783
15721505784
15721505785
15721505786
15721505787
15721505788
15721505789
15721505790
15721505791
15721505792
15721505793
15721505794
15721505795
15721505796
15721505797
15721505798
15721505799
15721505900
15721505801
15721505802
15721505803
15721505804
15721505805
15721505806
15721505807
15721505808
15721505809
15721505810
15721505811
15721505812
15721505813
15721505814
15721505815
15721505816
15721505817
15721505818
15738393900
幺八 八六四四四七 二幺零
幺八 六二零零 三幺五一五
幺八 六三一四五 八幺三五
幺八八 二七五六八 四幺零
幺八八 四一二 零四六 五五
幺八八二七五六八四幺零
幺八八二五一二幺八四二
幺八八零四三一五二四四
幺八八六六三六六四零零
幺八八六四四四七二幺零
幺八八三五三二五六零一
幺八八三幺 一八三幺幺八
幺八八三幺一八三幺幺八
幺八八四一二零四六五五
幺八八五幺六五幺幺三六
幺八八五一三幺六六五六
幺八八幺零六八一七四七
幺八八一三二二五零零二
幺八九八八零五四五七幺
幺八九零三幺七五零三八
幺八九六七七二幺七七七
幺八九四二七二五七四零
幺八九四七八三四零一六
幺八九一五二一零零四三
幺八六 四四四八 三三零一
幺八六 幺四一八 四二七七
幺八六二零零三幺五一五
幺八六零五零五幺一八七
幺八六七六二一零七零二
幺八六七四 零二五一一八
幺八六七四零二五一一八
幺八六三 三五零二六幺三
幺八六三七二七二一幺六
幺八六三三五零二六幺三
幺八六三一四五八幺三五
幺八六四三四六四八三七
幺八六四四四八三三零一
幺八六四五八三零四七零
幺八六幺四一八四二七七
幺八七 一幺 七四零一幺四
幺八七八三零二七三七幺
幺八七零六幺三二八二二
幺八七六四二五三一六五
幺八七三幺零二六八二八
幺八七四一三一八六五一
幺八七幺 五零八三四四四
幺八七幺八五七四六零六
幺八七幺零六零二幺一幺
幺八七幺五零八三四四四
幺八七幺一 三零七三 幺零
幺八七幺一三零七三幺零
幺八七一幺七四零一幺四
幺三 二六六八四六 四幺三
幺三二 五幺四三五 五六二
幺三二零一幺七六零四五
幺三二六六八四六四幺三
幺三二七六一 一二二六幺
幺三二七六一一二二六幺
幺三二四四四五五零幺幺
幺三二五二零四一零三零
幺三二五零五五六一四六
幺三二五幺四三五五六二
幺三二幺六零三六三一三
幺三二一 零五六五三 三八
幺三二一零零八幺二五二
幺三二一零五六五三三八
幺三二一四一幺幺二四零
幺三三 二八八二 六零四二
幺三三二八八二六零四二
幺三三二八一一零五四五
幺三三二五幺六三四三幺
幺三三零四八幺一五一一
幺三三五六幺六幺四八幺
幺三三幺零零七七五七幺
幺三三幺幺七三幺三幺一
幺三三一六 八一零五零四
幺三三一六八一零五零四
幺三三一幺幺零五零四一
幺三四 零六八七 一二零幺
幺三四 零七零一二 七幺三
幺三四八六二七零零五五
幺三四八七七一三四五一
幺三四八一幺零八五五四
幺三四零二二四一零八一
幺三四零六八七一二零幺
幺三四零七零一二七幺三
幺三四六幺 五二八 二四五
幺三四六幺五二八二四五
幺三四四八五六五六八四
幺三四四七一三三五三三
幺三四幺二三幺七四四七
幺三四一二幺四幺二五四
幺三五 三四幺 三八七四零
幺三五六四七零一四一一
幺三五六五六六四三一幺
幺三五七 三零二零 零四幺
幺三五七三零二零零四幺
幺三五三四幺三八七四零
幺三五三幺六三四八三幺
幺三五三一五零四三四六
幺三五五五八五七四七八
幺三五幺三零八三四五四
幺三五一八零三零六一三
幺三幺 三四二四八 八五五
幺三幺 幺四一零二五二一
幺三幺二零一零二八七二
幺三幺三四二四八八五五
幺三幺四六三六四四幺一
幺三幺四七一幺零三零一
幺三幺四一八零五二五幺
幺三幺五五零零三幺四七
幺三幺五幺零零幺八一八
幺三幺幺四一零二五二一
幺三幺幺一六三六三幺零
幺五 六六四幺八 七三幺七
幺五六 六一七四六 七零三
幺五六二 零三七幺幺六四
幺五六二零三七幺幺六四
幺五六零零五五八五二五
幺五六六四幺八七三幺七
幺五六六幺八一一三幺二
幺五六六一七四六七零三
幺五六七七 三二八六五五
幺五六七七三二八六五五
幺五六七幺六七八六二一
幺五六三六一幺三二幺八
幺五六四八零八幺三一幺
幺五六五三二零零一一五
幺五六幺四二零八八七八
幺五六一三七五二零二八
